searched gamma_range
[3.0517578125e-05, 0.0001220703125, 0.00048828125, 0.001953125, 0.0078125, 0.03125, 0.125, 0.5, 2.0, 8.0]
The best parameters for coarse search for gamma are {'C': 0.5, 'gamma': 0.00048828125} with a score of 1.0000


searched gamma_range
[0.0001220703125, 0.0001451668841556056, 0.00017263349150062197, 0.0002052969763803014, 0.000244140625, 0.0002903337683112112, 0.00034526698300124393, 0.0004105939527606028, 0.00048828125, 0.0005806675366224224, 0.0006905339660024879, 0.0008211879055212056, 0.0009765625, 0.0011613350732448448, 0.0013810679320049757, 0.0016423758110424111, 0.001953125]
The best parameters for fine search for gamma are {'C': 0.21022410381342863, 'gamma': 0.0011613350732448448} with a score of 1.0000


svc_predicted_train
[[1028    0]
 [   0 1028]]
TP =  1028
TN =  1028
FP =  0
FN =  0
Recall/Sensitivity = 1.00000
Specificity = 1.00000
Accuracy_Balanced = 1.00000
Overall_Accuracy = 1.00000
FPR_bag = 0.00000
FNR_bag = 0.00000
Precision = 1.00000
F1 = 1.00000
MCC = 1.00000
svc_predicted_test
[[461  47]
 [151 357]]
TP =  357
TN =  461
FP =  47
FN =  151
Recall/Sensitivity = 0.70276
Specificity = 0.90748
Accuracy_Balanced = 0.80512
Overall_Accuracy = 0.80512
FPR_bag = 0.09252
FNR_bag = 0.29724
Precision = 0.88366
F1 = 0.78289
MCC = 0.62344
