output of base layer has been addded to the original features and is ready to be used in meta layer
BAG_train
[[1028    0]
 [   0 1028]]
TP =  1028
TN =  1028
FP =  0
FN =  0
Recall/Sensitivity = 1.00000
Specificity = 1.00000
Accuracy_Balanced = 1.00000
Overall_Accuracy = 1.00000
FPR_bag = 0.00000
FNR_bag = 0.00000
Precision = 1.00000
F1 = 1.00000
MCC = 1.00000

BAG_test
[[388 120]
 [193 315]]
TP =  315
TN =  388
FP =  120
FN =  193
Recall/Sensitivity = 0.62008
Specificity = 0.76378
Accuracy_Balanced = 0.69193
Overall_Accuracy = 0.69193
FPR_bag = 0.23622
FNR_bag = 0.37992
Precision = 0.72414
F1 = 0.66808
MCC = 0.38788
