output of base layer has been addded to the original features and is ready to be used in meta layer
BAG_train
[[1028    0]
 [   0 1028]]
TP =  1028
TN =  1028
FP =  0
FN =  0
Recall/Sensitivity = 1.00000
Specificity = 1.00000
Accuracy_Balanced = 1.00000
Overall_Accuracy = 1.00000
FPR_bag = 0.00000
FNR_bag = 0.00000
Precision = 1.00000
F1 = 1.00000
MCC = 1.00000

BAG_test
[[407 101]
 [223 285]]
TP =  285
TN =  407
FP =  101
FN =  223
Recall/Sensitivity = 0.56102
Specificity = 0.80118
Accuracy_Balanced = 0.68110
Overall_Accuracy = 0.68110
FPR_bag = 0.19882
FNR_bag = 0.43898
Precision = 0.73834
F1 = 0.63758
MCC = 0.37312
