output of base layer has been addded to the original features and is ready to be used in meta layer
BAG_train
[[1028    0]
 [   0 1028]]
TP =  1028
TN =  1028
FP =  0
FN =  0
Recall/Sensitivity = 1.00000
Specificity = 1.00000
Accuracy_Balanced = 1.00000
Overall_Accuracy = 1.00000
FPR_bag = 0.00000
FNR_bag = 0.00000
Precision = 1.00000
F1 = 1.00000
MCC = 1.00000

BAG_test
[[389 119]
 [174 334]]
TP =  334
TN =  389
FP =  119
FN =  174
Recall/Sensitivity = 0.65748
Specificity = 0.76575
Accuracy_Balanced = 0.71161
Overall_Accuracy = 0.71161
FPR_bag = 0.23425
FNR_bag = 0.34252
Precision = 0.73731
F1 = 0.69511
MCC = 0.42573
