output of base layer has been addded to the original features and is ready to be used in meta layer
BAG_train
[[1028    0]
 [   0 1028]]
TP =  1028
TN =  1028
FP =  0
FN =  0
Recall/Sensitivity = 1.00000
Specificity = 1.00000
Accuracy_Balanced = 1.00000
Overall_Accuracy = 1.00000
FPR_bag = 0.00000
FNR_bag = 0.00000
Precision = 1.00000
F1 = 1.00000
MCC = 1.00000

BAG_test
[[446  62]
 [169 339]]
TP =  339
TN =  446
FP =  62
FN =  169
Recall/Sensitivity = 0.66732
Specificity = 0.87795
Accuracy_Balanced = 0.77264
Overall_Accuracy = 0.77264
FPR_bag = 0.12205
FNR_bag = 0.33268
Precision = 0.84539
F1 = 0.74587
MCC = 0.55779
